2004   1  0  10.1  -4.3   5.1   4.6   6.8  525.
2004   1  1   9.9  -5.2   6.3  -2.0   5.9  529.
2004   1  2   8.7  -5.1   5.8  -0.4   5.3  540.
2004   1  3   8.6  -3.1   6.9  -1.3   5.3  558.
2004   1  4   9.3  -5.5   6.2  -0.6   5.2  543.
2004   1  5   9.5  -7.4   5.6  -1.0   5.7  523.
2004   1  6   9.4  -8.1   3.5  -2.1   6.4  521.
2004   1  7   9.5  -7.0   5.9  -0.6   6.0  529.
2004   1  8   9.4  -6.8   4.7  -1.3   6.5  524.
2004   1  9   9.9  -4.7   8.0   2.1   6.3  524.
2004   1 10   8.9  -6.8   2.5   1.6   7.2  518.
2004   1 11   8.9  -5.5   5.6  -0.7   7.1  528.
2004   1 12  11.5  -2.0   9.6  -4.8   7.1  542.
2004   1 13   9.4  -6.1   3.2   4.0   6.0  542.
2004   1 14   8.4  -2.9   3.8   1.9   6.1  560.
2004   1 15   8.1  -4.4   3.3   4.5   5.9  558.
2004   1 16   7.4  -6.1   0.8  -1.3   5.8  543.
2004   1 17   7.2  -1.0   4.2  -1.7   5.6  571.
2004   1 18   7.2  -2.7   5.4   1.3   5.1  562.
2004   1 19   7.1  -0.5   6.1   0.0   5.1  569.
2004   1 20   6.6  -4.4   2.7  -1.5   4.8  544.
2004   1 21   6.6  -2.5   4.8  -1.2   5.0  558.
2004   1 22   7.1  -2.8   4.6   1.6   4.6  553.
2004   1 23   7.2  -2.8   4.9   1.5   4.8  547.
2004   2  0   6.2   0.8   4.3  -1.5   5.6  564.
2004   2  1   6.1   0.1   4.8  -0.8   5.3  567.
2004   2  2   6.3  -2.9   3.2   0.7   5.0  545.
2004   2  3   6.0  -3.3   1.7   2.6   4.7  538.
2004   2  4   6.1  -3.0   4.3   0.0   4.9  538.
2004   2  5   6.4  -4.8   1.7   3.2   4.2  525.
2004   2  6   6.5  -5.0   2.6   1.8   4.3  518.
2004   2  7   5.6  -4.5   2.3   0.2   4.3  506.
2004   2  8   5.6  -4.7   1.0  -1.9   4.7  496.
2004   2  9   5.7  -5.0  -0.2  -1.2   4.7  493.
2004   2 10   5.4  -3.9   2.1  -0.3   5.0  492.
2004   2 11   5.4  -3.5   1.7   0.8   5.1  494.
2004   2 12   5.5  -2.1   4.3  -0.2   5.9  500.
2004   2 13   5.7  -0.3   4.5  -2.6   5.8  504.
2004   2 14   5.6  -2.3   3.8  -0.8   6.3  487.
2004   2 15   6.3  -3.6   4.3   2.2   6.7  485.
2004   2 16   7.7  -5.7   3.9  -1.4   8.0  458.
2004   2 17   7.4  -2.2   5.7  -2.8  10.1  463.
2004   2 18   7.7  -3.3   4.6   1.9  11.8  452.
2004   2 19   8.8  -5.3   3.8  -1.7  10.4  441.
2004   2 20   9.6  -6.7   5.0   0.7   8.6  442.
2004   2 21   8.7  -7.2   3.1  -0.9   9.5  446.
2004   2 22   9.0  -5.9   5.3   3.1  10.2  453.
2004   2 23  10.2  -5.5   5.9   4.7  10.6  453.
2004   3  0  10.7  -6.6   5.8   3.6  11.1  458.
2004   3  1  11.1  -5.1   6.8   1.5   9.3  479.
2004   3  2  10.9  -7.6   5.3   4.0  11.4  482.
2004   3  3  13.9  -5.7  11.3  -1.3  10.6  497.
2004   3  4  11.5  -3.5   7.7  -0.4   8.3  576.
2004   3  5  11.9  -8.2   1.2   7.1   7.4  602.
2004   3  6  11.7  -8.0   5.4   3.4   7.9  597.
2004   3  7  11.9  -8.2   2.2   1.5   7.9  589.
2004   3  8   9.9  -3.4   5.5  -3.3   6.8  605.
2004   3  9  10.4  -3.6   6.3  -4.6   6.2  609.
2004   3 10   9.0  -3.9   7.5   0.3   4.8  619.
2004   3 11   8.7  -3.4   6.8   0.4   4.4  622.
2004   3 12   8.8  -3.6   6.3   1.7   4.7  621.
2004   3 13   9.1  -2.4   5.7   3.7   4.3  618.
2004   3 14   8.6  -5.2   4.8  -0.2   4.9  594.
2004   3 15   9.0  -7.4   2.0   0.9   4.9  572.
2004   3 16   9.3  -8.9   1.5   1.0   5.3  558.
2004   3 17   8.9  -7.9   2.5   2.7   4.7  548.
2004   3 18   8.5  -5.7   4.9  -0.5   4.6  561.
2004   3 19   8.4  -5.9   4.5  -0.6   4.8  558.
2004   3 20   7.7  -1.1   3.7  -1.7   5.2  575.
2004   3 21   8.4  -4.9   4.9   2.6   4.3  539.
2004   3 22   8.7  -4.6   4.8   2.1   4.4  542.
2004   3 23   8.7  -6.4   4.5   2.1   4.3  531.
2004   4  0   8.7  -5.4   4.6  -2.0   4.8  535.
2004   4  1   8.9  -6.8   4.2   0.7   4.8  522.
2004   4  2  10.2  -7.5   4.0   3.6   4.3  538.
2004   4  3   9.2  -7.0   4.7   0.4   4.8  547.
2004   4  4   9.1  -4.9   6.4   1.0   5.1  569.
2004   4  5   8.7  -3.8   5.6  -0.1   5.3  572.
2004   4  6   9.3  -4.8   6.1   2.7   4.6  574.
2004   4  7   8.2  -2.6   3.2  -3.6   5.4  581.
2004   4  8   8.6  -4.2   6.6  -1.2   4.9  572.
2004   4  9   8.2  -3.7   4.2  -3.8   5.1  574.
2004   4 10   8.0  -6.5   2.0   0.4   4.8  552.
2004   4 11   7.9  -5.4   1.1  -2.7   5.1  560.
2004   4 12   8.5  -6.0  -1.7  -3.4   5.4  558.
2004   4 13   8.5  -7.2  -1.7  -1.3   5.5  548.
2004   4 14   8.5  -6.0   2.6  -3.4   5.3  569.
2004   4 15   8.7  -3.0   5.3  -1.1   5.2  599.
2004   4 16   7.7  -3.4   4.2  -1.0   5.0  600.
2004   4 17   7.9  -4.7   2.1   1.8   4.7  592.
2004   4 18   8.3  -5.8   4.5  -1.0   4.6  579.
2004   4 19   9.2  -7.0   4.2   2.6   3.8  564.
2004   4 20   9.1  -5.7   6.2   0.8   3.6  571.
2004   4 21   8.7  -7.9   2.8  -0.1   3.3  586.
2004   4 22   8.6  -6.0   5.3   1.6   3.3  617.
2004   4 23   8.4  -7.9   1.9  -0.4   3.5  597.
2004   5  0   8.8  -6.6   5.0  -1.0   3.8  576.
2004   5  1   8.7  -6.3   4.9  -1.2   3.9  576.
2004   5  2   8.2  -5.6   4.4  -1.9   4.2  588.
2004   5  3   7.9  -4.9   4.7  -0.7   4.1  589.
2004   5  4   7.6  -4.1   5.2  -1.4   4.0  595.
2004   5  5   7.2  -3.7   3.0   0.0   4.1  601.
2004   5  6   7.1  -4.5   0.6   0.2   4.3  596.
2004   5  7   7.1  -4.8  -0.7  -0.5   4.3  593.
2004   5  8   7.1  -5.5  -1.4   1.2   4.3  589.
2004   5  9   7.4  -5.3  -3.4   0.7   4.2  591.
2004   5 10   7.4  -3.9   1.4   0.2   4.5  601.
2004   5 11   7.4  -4.6   3.9   0.1   4.2  593.
2004   5 12   7.3  -4.3  -0.0   1.1   4.3  596.
2004   5 13   6.6  -3.5  -0.7  -3.8   4.4  599.
2004   5 14   6.4  -4.1   0.7  -0.5   3.7  593.
2004   5 15   7.1  -2.8   1.1  -4.0   3.8  611.
2004   5 16   7.2  -2.2   2.0  -4.1   3.5  622.
2004   5 17   6.8  -3.9  -1.6  -0.4   3.6  615.
2004   5 18   6.4  -4.0   0.0  -0.7   3.5  614.
2004   5 19   6.5  -2.1   4.8  -0.0   3.0  633.
2004   5 20   6.2  -3.1   0.6   1.0   3.3  627.
2004   5 21   6.3  -2.8   4.1  -1.9   3.0  632.
2004   5 22   6.3  -2.9   3.6  -1.5   3.0  630.
2004   5 23   6.2  -3.6  -0.9  -2.2   3.2  626.
2004   6  0   5.9  -4.9   0.1   0.3   3.2  611.
2004   6  1   6.1  -3.6   1.7  -1.2   3.1  625.
2004   6  2   6.4  -3.3   1.1  -1.1   2.8  627.
2004   6  3   6.6  -2.0   4.7   3.7   2.5  632.
2004   6  4   6.5  -2.1   2.7  -0.7   2.7  627.
2004   6  5   6.5  -2.7   4.0   0.0   2.8  619.
2004   6  6   6.3  -3.1   1.8   0.7   2.8  611.
2004   6  7   6.1  -3.8   2.6  -0.1   2.7  604.
2004   6  8   6.2  -3.9   0.6  -1.8   2.5  602.
2004   6  9   6.4  -5.1  -1.3   1.0   2.4  589.
2004   6 10   6.6  -5.3  -1.0   2.1   2.5  590.
2004   6 11   6.9  -6.6  -0.0   0.9   2.2  578.
2004   6 12   6.8  -4.8  -2.8   0.6   2.2  593.
2004   6 13   6.9  -5.5  -3.5   0.3   2.3  582.
2004   6 14   7.2  -6.2  -2.4  -0.5   2.2  571.
2004   6 15   7.0  -6.0  -2.3  -0.4   2.2  570.
2004   6 16   6.7  -3.4   2.8   0.1   2.4  595.
2004   6 17   7.0  -2.9   5.9   0.8   2.8  596.
2004   6 18   7.2  -5.9   3.4  -0.5   2.6  568.
2004   6 19   7.0  -3.1   4.0   3.0   2.5  589.
2004   6 20  12.1  -5.7   5.9   4.1   4.5  632.
2004   6 21  12.4  -7.6   2.8  -6.1   5.1  629.
2004   6 22  15.5 -12.8   2.1  -5.5   5.6  612.
2004   6 23  16.6 -11.7   7.2  -0.7   2.8  691.
2004   7  0  15.3 -10.3   8.8   6.6   1.7  723.
2004   7  1  13.5 -11.2   7.2   0.2   2.5  704.
2004   7  2  12.7 -10.8   6.1   1.9   2.4  693.
2004   7  3  11.7  -9.4   6.6   1.3   2.2  712.
2004   7  4  11.4  -4.4  10.1  -1.0   2.2  728.
2004   7  5  11.3  -3.7   9.7  -3.4   2.6  712.
2004   7  6  11.9  -1.9  10.4  -4.2   2.3  739.
2004   7  7  11.9  -3.9   7.3  -4.3   2.8  697.
2004   7  8  11.5   3.5   2.6  -4.9   3.2  736.
2004   7  9  11.8  -7.1   4.1  -5.8   3.4  627.
2004   7 10  11.0  -2.9   2.7  -2.2   3.0  652.
2004   7 11  10.4  -7.5   3.1  -4.5   3.0  602.
2004   7 12   9.7  -7.1   1.0  -6.2   2.6  620.
2004   7 13   9.0  -7.4  -1.0  -3.9   1.8  667.
2004   7 14   8.2  -6.9   1.5  -3.2   1.8  668.
2004   7 15   7.8  -5.7   3.9   0.4   1.8  674.
2004   7 16   7.4  -5.9  -1.7  -1.2   1.7  675.
2004   7 17   7.4  -4.7   0.6  -0.0   1.9  683.
2004   7 18   7.3  -3.8   4.1   0.2   1.9  679.
2004   7 19   7.2  -5.0   2.4   1.4   2.0  657.
2004   7 20   7.0  -6.1   0.6  -0.2   2.2  645.
2004   7 21   6.9  -4.7   0.5   3.8   2.1  653.
2004   7 22   6.6  -3.8   1.3   3.9   2.2  656.
2004   7 23   6.8  -4.1   2.4   2.7   2.0  649.
2004   8  0   6.6  -4.1   4.4   1.5   1.8  631.
2004   8  1   5.8  -4.9   0.2   2.4   2.2  596.
2004   8  2   5.8  -4.3   0.5   2.9   2.5  593.
2004   8  3   5.6   0.6   2.4   3.7   2.1  627.
2004   8  4   5.5   1.6  -0.2   4.1   2.6  624.
2004   8  5   5.4   0.1   2.1   3.7   2.5  609.
2004   8  6   5.3   0.4   1.5   4.0   2.4  609.
2004   8  7   5.1  -2.1   1.2   4.2   2.2  585.
2004   8  8   5.5  -2.6   1.8   3.9   1.9  577.
2004   8  9   5.7  -4.7   2.3   1.8   1.8  551.
2004   8 10   6.0  -3.9   2.9  -1.2   1.4  569.
2004   8 11   5.8  -3.7   3.7   0.6   1.4  570.
2004   8 12   5.6  -3.6   2.0  -0.3   1.7  569.
2004   8 13   5.6  -4.9   0.2   1.8   1.5  544.
2004   8 14   5.5  -4.4   2.4   1.5   1.4  541.
2004   8 15   5.5  -4.4   2.8   0.6   1.4  536.
2004   8 16   5.6  -5.2   0.9   0.1   1.4  525.
2004   8 17   5.8  -5.0   2.2  -0.0   1.4  522.
2004   8 18   5.9  -4.5   3.0  -0.5   1.7  526.
2004   8 19   6.0  -4.3   2.0   3.3   1.6  530.
2004   8 20   6.3  -4.5   2.2   2.2   2.0  523.
2004   8 21   6.1  -4.0   4.1  -0.8   2.8  512.
2004   8 22   6.4  -1.0   5.9  -1.5   2.8  522.
2004   8 23   6.4  -2.3   5.4  -2.1   3.0  511.
2004   9  0   6.7  -0.2   6.0  -2.3   3.0  523.
2004   9  1   6.6  -1.7   5.3  -0.8   3.3  511.
2004   9  2   6.1  -5.3   0.5   0.8   3.3  484.
2004   9  3   6.4  -1.9   4.8  -1.1   3.3  506.
2004   9  4   6.4  -2.5   4.8  -1.3   4.0  508.
2004   9  5   6.9  -0.4   5.8  -2.8   5.4  532.
2004   9  6   9.6  -1.1   8.2  -3.1   7.1  537.
2004   9  7  10.2   0.6   4.6  -4.8   7.2  539.
2004   9  8   8.6   2.3   3.2  -5.1   8.3  548.
2004   9  9   6.7   2.5   3.4  -4.8   7.5  551.
2004   9 10   6.6  -0.2   3.7  -2.4   6.4  551.
2004   9 11   7.2  -5.5   1.7   2.4   5.1  554.
2004   9 12   7.7  -5.2  -1.7   1.1   4.7  567.
2004   9 13   7.5  -4.6   2.1  -0.1   4.7  556.
2004   9 14   7.7  -3.2   6.2  -0.6   4.8  548.
2004   9 15  10.1  -3.9   7.9   1.0   7.1  571.
2004   9 16  13.5  -0.8   9.4  -1.4   8.6  588.
2004   9 17  12.3  -7.2   2.8   3.7  10.0  612.
2004   9 18  10.3  -4.7   6.6  -1.1   9.5  617.
2004   9 19   8.7   0.4   6.7   0.9   9.7  618.
2004   9 20  10.2  -1.4   8.4   1.1  10.1  615.
2004   9 21   9.6   1.7   8.0   2.8  11.6  600.
2004   9 22  11.1   4.8   7.2   4.8  11.6  595.
2004   9 23  12.2   4.9   9.3   2.1  11.2  591.
2004  10  0  11.6   4.1   8.4   3.0  10.7  584.
2004  10  1  11.2   1.8   9.6   1.7   9.9  561.
2004  10  2  11.1   1.1   9.4   3.2  10.2  551.
2004  10  3  12.7  -4.4  10.0  -2.7  10.7  559.
2004  10  4  12.6  -4.8   1.3   6.4   8.0  534.
2004  10  5  12.3  -7.8   2.7   7.3   9.5  530.
2004  10  6  11.4  -2.0   8.3  -2.5  13.1  556.
2004  10  7  13.7   3.3  10.2  -7.0  12.2  563.
2004  10  8  13.6   0.6  12.5  -1.6   9.6  551.
2004  10  9  15.0  -6.4   6.8  10.2   5.9  561.
2004  10 10  14.8  -6.9  -3.4  11.6   5.1  547.
2004  10 11  13.9  -1.0 -10.9   8.3   3.1  541.
2004  10 12  11.2  -0.3  -8.9   6.5   5.0  555.
2004  10 13  10.6   1.2  -9.4   0.1   4.8  555.
2004  10 14  10.6   2.1  -9.5  -2.5   4.2  544.
2004  10 15  11.4   3.2  -9.4  -5.4   0.8  535.
2004  10 16  10.6   3.4  -8.0  -6.2   0.5  528.
2004  10 17   9.9   3.5  -6.8  -6.3   0.7  522.
2004  10 18   8.9   3.2  -4.4  -5.7   1.7  523.
2004  10 19   8.2  -5.7  -5.3   1.9   4.7  551.
2004  10 20   8.8  -6.1  -2.5   4.6   3.3  566.
2004  10 21   8.8  -6.5  -1.4   5.5   3.0  573.
2004  10 22   8.7  -6.5  -5.0   2.3   3.5  565.
2004  10 23   8.9  -7.6  -1.2   4.0   3.4  569.
2004  11  0   9.2  -8.2  -1.9   3.1   3.5  564.
2004  11  1   9.6  -8.7  -0.8   2.8   2.8  568.
2004  11  2   9.2  -8.5  -2.3   1.3   2.5  563.
2004  11  3   9.3  -8.3  -1.7   2.3   2.0  580.
2004  11  4   9.8  -9.0   2.5   2.8   2.0  608.
2004  11  5   9.0  -7.8   1.9   3.3   3.0  644.
2004  11  6   9.1  -6.0   6.1   0.5   3.0  667.
2004  11  7   9.2  -6.3   4.9  -0.6   3.0  667.
2004  11  8   9.7  -8.4   3.3   2.6   2.7  664.
2004  11  9   9.2  -6.0   5.8  -1.9   2.6  678.
2004  11 10   8.8  -6.1   4.6  -2.9   2.6  667.
2004  11 11   8.7  -6.7   3.1  -2.9   2.8  656.
2004  11 12   8.8  -8.1   2.5  -1.2   2.9  630.
2004  11 13   8.9  -7.0   3.8  -2.9   3.4  629.
2004  11 14   9.5  -8.1   2.6  -3.8   3.2  606.
2004  11 15   9.5  -8.4   1.9  -3.8   2.9  591.
2004  11 16   9.5  -6.3   3.4  -5.8   4.0  587.
2004  11 17   9.7  -7.4   4.8  -2.7   5.3  548.
2004  11 18   9.8  -8.4   3.5   2.8   4.8  541.
2004  11 19   9.4  -8.7   2.8   0.4   4.1  531.
2004  11 20   9.1  -8.4   2.2   1.9   3.6  535.
2004  11 21   9.2  -8.7   2.7   0.2   4.9  533.
2004  11 22   9.5  -9.2   1.6   0.2   4.6  527.
2004  11 23   9.1  -8.9   0.9   1.3   3.9  523.
2004  12  0   8.9  -8.5   1.7   1.2   3.9  523.
2004  12  1   8.7  -8.5   0.9   1.5   3.4  525.
2004  12  2   8.9  -7.5   1.3   3.3   4.3  523.
2004  12  3   9.3  -7.4   2.5   3.7   5.0  515.
2004  12  4   8.9  -7.8  -0.5   3.7   4.2  498.
2004  12  5   8.4  -4.9  -4.4   4.0   5.1  496.
2004  12  6   8.3  -5.0  -3.2   4.3   5.1  493.
2004  12  7   7.7  -5.5  -1.5   2.3   4.7  495.
2004  12  8   7.1  -6.4  -1.9   1.6   4.2  476.
2004  12  9   6.7  -4.7  -3.8   2.3   4.3  481.
2004  12 10   7.0  -3.5  -5.7   0.5   4.3  487.
2004  12 11   6.7  -2.6  -5.9   0.3   4.4  493.
2004  12 12   7.1  -2.6  -6.1  -0.6   4.4  491.
2004  12 13   6.1  -2.8  -3.8  -1.4   3.6  496.
2004  12 14   5.6  -0.5  -0.1  -4.5   3.5  514.
2004  12 15   5.7  -3.8  -0.4  -2.5   3.2  488.
2004  12 16   5.5  -1.3  -2.9  -3.2   3.3  492.
2004  12 17   5.0  -2.5   1.2  -2.2   3.9  483.
2004  12 18   5.5  -1.7   0.5  -3.8   4.2  493.
2004  12 19   5.3  -2.9   2.2  -2.6   4.6  490.
2004  12 20   5.5  -2.3   0.7  -3.9   4.7  493.
2004  12 21   5.8  -2.3  -2.9  -1.8   4.5  491.
2004  12 22   5.9   0.3   2.2  -4.4   4.6  506.
2004  12 23   5.7  -2.2   1.1  -1.5   4.8  500.
2004  13  0   6.8  -5.1   3.3  -0.8   4.6  487.
2004  13  1   6.0  -4.5   1.4  -2.7   4.3  477.
2004  13  2   6.4  -5.2   1.0  -2.8   4.2  481.
2004  13  3   6.1  -4.9  -0.5  -1.6   4.1  481.
2004  13  4   6.3  -5.4  -1.9   0.7   3.7  481.
2004  13  5   6.3  -5.6  -1.2   0.5   3.5  486.
2004  13  6   6.7  -5.5   1.6  -0.1   4.0  490.
2004  13  7   6.5  -4.9   2.1   0.4   4.1  492.
2004  13  8   7.3  -6.4  -2.0   2.2   3.1  490.
2004  13  9   7.4  -6.5   0.5   2.4   2.8  512.
2004  13 10   7.1  -6.1   1.4   2.8   4.3  575.
2004  13 11   7.3  -2.4   5.6  -1.9   3.7  564.
2004  13 12   5.2   0.6   4.1   0.5  13.0  589.
2004  13 13   4.5  -3.0   1.9  -1.2  15.5  583.
2004  13 14   5.0  -4.8   0.1  -0.4  14.6  591.
2004  13 15   5.9  -5.5  -0.4  -0.1  15.2  593.
2004  13 16   5.8  -5.2   1.0   1.4  13.8  586.
2004  13 17   4.8  -0.8  -0.9  -0.4  13.2  597.
2004  13 18   5.2  -3.3   0.3   1.9  10.6  590.
2004  13 19   6.6  -5.0   1.7   3.7   6.4  567.
2004  13 20   6.0  -4.8   1.8   2.9   9.2  567.
2004  13 21   6.3  -5.2  -0.5   2.0   9.1  577.
2004  13 22   6.6  -5.5  -3.2   1.2  10.3  579.
2004  13 23   5.6  -4.7  -2.3  -1.1  11.3  569.
2004  14  0   4.8  -1.9  -0.9  -3.7  12.8  556.
2004  14  1   5.0  -3.3  -1.5  -1.1  11.1  563.
2004  14  2   5.7  -2.1  -4.8   0.6   3.6  580.
2004  14  3   7.2  -1.9  -6.7   0.2   2.5  564.
2004  14  4   6.7   0.0  -6.1   0.0   2.5  545.
2004  14  5   6.6   2.5  -5.5   1.3   2.8  528.
2004  14  6   7.5  -1.1  -6.7   2.2   3.1  565.
2004  14  7   8.5  -3.3  -7.1   2.1   3.6  574.
2004  14  8   8.6  -2.4  -7.3   3.2   4.8  555.
2004  14  9   5.8   2.2  -4.2  -2.2   5.4  532.
2004  14 10   6.9   5.6  -0.5  -3.5   3.5  511.
2004  14 11   7.7   6.2  -3.4  -2.4   3.2  495.
2004  14 12   7.4   5.3  -3.7  -1.2   3.3  495.
2004  14 13   7.3   5.2  -4.6  -1.7   3.4  492.
2004  14 14   8.4   6.4  -4.5  -2.5   3.1  482.
2004  14 15   8.3   4.1  -6.4  -0.7   3.6  475.
2004  14 16   8.3   6.0  -4.1  -3.3   3.7  466.
2004  14 17   8.0   5.8  -4.4  -3.0   3.7  461.
2004  14 18   7.8   5.7  -4.1  -2.7   3.7  456.
2004  14 19   7.2   5.3  -3.4  -1.2   3.7  462.
2004  14 20   7.3   3.2  -5.6   0.0   3.6  478.
2004  14 21   8.0   4.0  -5.2  -1.7   3.9  477.
2004  14 22   9.1   1.4  -6.9   0.9   3.5  505.
2004  14 23   9.4  -0.3  -8.5   2.2   3.0  522.
2004  15  0   9.2   3.3  -7.1   1.2   2.7  481.
2004  15  1   9.3   4.2  -7.3   0.6   2.6  469.
2004  15  2   9.5   2.6  -8.1  -0.7   2.5  487.
2004  15  3   9.5   4.4  -7.0  -1.4   2.5  463.
2004  15  4   9.8   7.0  -5.9   0.9   2.6  442.
2004  15  5  10.3   6.2  -7.3   0.0   2.8  455.
2004  15  6  10.2   2.9  -8.2   4.9   3.1  486.
2004  15  7  10.3   3.4  -7.1   5.9   3.2  480.
2004  15  8  10.8   3.6  -8.4   4.3   4.0  484.
2004  15  9  11.0   1.7  -1.1   9.9   4.3  505.
2004  15 10  10.1   4.7  -3.6   4.8   4.8  487.
2004  15 11  10.0   5.9  -5.5   4.6   4.4  468.
2004  15 12  11.7   7.5  -8.4  -0.3   2.6  460.
2004  15 13  12.3   6.0  -9.1  -2.1   2.8  490.
2004  15 14  12.4   3.6  -4.3 -10.5   2.8  520.
2004  15 15  12.2   4.7  -5.5  -8.8   2.8  524.
2004  15 16  11.5   5.7  -6.9  -5.7   2.8  521.
2004  15 17  10.7   5.9  -6.7  -4.2   3.0  535.
2004  15 18  10.8   6.8  -8.0   0.0   2.9  529.
2004  15 19  10.5   6.1  -6.2  -4.4   4.4  520.
2004  15 20   9.7   4.0  -4.6  -5.6   6.2  539.
2004  15 21   9.5   5.6  -4.3  -0.8   6.3  531.
2004  15 22   9.9   5.9  -4.0  -3.2   7.1  552.
2004  15 23   9.5   6.4  -4.2  -2.5   7.4  554.
2004  16  0   9.2   4.2  -4.9   0.3   7.1  568.
2004  16  1   9.3   6.5  -4.3   0.8   6.8  554.
2004  16  2   9.8   5.6  -7.1  -1.6   6.0  556.
2004  16  3  10.3   4.7  -6.7   0.9   6.3  566.
2004  16  4  10.6   6.9  -7.2  -1.4   5.6  560.
2004  16  5  10.5   7.6  -6.1   0.2   5.0  562.
2004  16  6  10.1   8.0  -5.1   0.4   5.1  563.
2004  16  7   9.9   7.0  -5.5  -0.4   5.4  575.
2004  16  8   9.7   6.5  -5.6   1.0   5.0  582.
2004  16  9   9.0   4.6  -5.1  -0.5   5.2  600.
2004  16 10   8.3   4.0  -0.9  -4.2   5.4  609.
2004  16 11   8.2   4.7  -2.7  -2.3   5.3  614.
2004  16 12   7.9   4.1   2.6   1.4   4.7  618.
2004  16 13   7.3   1.6  -2.8   4.4   4.1  630.
2004  16 14   7.3   5.0  -2.3   3.2   4.4  605.
2004  16 15   7.2   5.9  -0.1   0.7   4.3  602.
2004  16 16   7.4   4.7   1.9  -2.9   4.1  617.
2004  16 17   6.9   4.8   1.2   1.8   4.2  616.
2004  16 18   7.1   2.6  -1.0  -2.8   4.1  636.
2004  16 19   7.0   4.4  -1.8  -3.3   4.2  622.
2004  16 20   7.1   5.0  -1.5  -3.0   4.0  615.
2004  16 21   7.2   4.8  -3.2  -1.1   3.9  623.
2004  16 22   7.4   3.5  -3.7  -3.1   3.8  631.
2004  16 23   6.9   4.3   4.0   0.2   4.0  632.
2004  17  0   6.7   3.7  -1.5   2.8   3.9  631.
2004  17  1   6.2   2.8  -4.5   1.3   3.6  639.
2004  17  2   5.6   2.4  -3.5  -0.4   3.6  642.
2004  17  3   5.5   2.2  -2.8  -0.9   3.5  641.
2004  17  4   6.4   3.9  -3.7   1.4   3.3  628.
2004  17  5   6.4   3.4  -3.4  -1.1   3.4  631.
2004  17  6   6.3   3.9  -2.7   0.8   3.5  623.
2004  17  7   6.5   2.0  -2.8   0.2   3.3  636.
2004  17  8   6.4   0.7  -5.1  -1.8   3.3  642.
2004  17  9   6.1   1.2  -5.0  -0.6   3.4  635.
2004  17 10   5.6   3.5  -1.8   0.5   3.6  617.
2004  17 11   5.2   1.9  -3.4  -0.3   3.7  625.
2004  17 12   5.7   0.5  -4.4   0.5   3.2  635.
2004  17 13   5.5   0.4  -4.5  -1.5   3.5  631.
2004  17 14   5.3   1.9  -3.5   0.0   3.4  616.
2004  17 15   5.3   4.5  -1.1   1.0   3.5  593.
2004  17 16   5.7   3.8  -3.0   0.9   3.4  593.
2004  17 17   6.4   3.9  -3.3  -3.3   3.4  585.
2004  17 18   6.2   5.6  -1.9  -1.1   3.1  564.
2004  17 19   5.9   2.5  -2.1  -1.7   2.9  578.
2004  17 20   5.4   1.4  -4.4  -1.7   2.8  577.
2004  17 21   5.4   4.1  -2.4  -1.6   3.0  556.
2004  17 22   5.9   5.1   0.1   0.2   3.2  553.
2004  17 23   6.3   5.1   2.5   2.4   2.8  554.
2004  18  0   5.9   3.4  -0.6   0.2   3.2  555.
2004  18  1   5.6   1.8  -3.6   0.3   4.0  554.
2004  18  2   5.6   2.5  -2.4   1.7   4.3  548.
2004  18  3   6.1   2.9  -0.2  -1.4   3.8  542.
2004  18  4   6.1   3.0  -2.1  -0.8   3.6  545.
2004  18  5   6.7   1.5  -5.0  -3.0   2.6  564.
2004  18  6   6.6   2.0  -4.0  -2.8   3.0  560.
2004  18  7   6.4   3.2  -3.5  -1.9   3.0  545.
2004  18  8   6.8   3.9  -4.2   1.4   2.8  558.
2004  18  9   6.9   5.0  -2.8   3.1   2.7  554.
2004  18 10   7.1   4.4  -3.8   2.3   2.4  557.
2004  18 11   7.4   3.3  -2.9   1.5   2.7  565.
2004  18 12   7.4   3.8  -4.2   2.1   2.5  577.
2004  18 13   7.4   3.9  -4.6   0.4   2.4  572.
2004  18 14   7.7   6.4  -2.7   3.0   1.9  553.
2004  18 15   7.2   5.5  -3.7   0.9   2.3  565.
2004  18 16   7.0   5.2  -3.6   0.2   2.4  577.
2004  18 17   6.8   4.8  -3.7   2.4   2.6  584.
2004  18 18   6.4   5.6  -2.4   1.1   2.5  571.
2004  18 19   6.4   6.2  -0.3   0.1   2.8  568.
2004  18 20   6.2   4.0   0.9  -2.9   3.2  583.
2004  18 21   5.9   4.0  -0.5  -2.7   3.3  583.
2004  18 22   5.6   4.2  -0.8  -1.1   3.1  579.
2004  18 23   5.6   3.0   0.1   0.7   3.3  592.
2004  19  0   6.1   3.5  -3.5   0.1   3.4  585.
2004  19  1   6.1   5.0  -2.5  -0.5   3.5  572.
2004  19  2   6.2   5.0  -0.1   1.8   3.6  575.
2004  19  3   6.4   3.6  -2.1   3.7   3.9  585.
2004  19  4   6.8   3.7  -2.2   2.4   3.4  596.
2004  19  5   6.5   3.8  -2.8   0.0   3.2  610.
2004  19  6   6.7   2.4   0.1   4.8   3.0  628.
2004  19  7   6.9   3.6  -1.9   4.4   3.3  614.
2004  19  8   6.8   4.1  -4.5  -0.5   3.6  603.
2004  19  9   6.9   3.5  -3.7   1.7   3.6  604.
2004  19 10   7.1  -0.4  -6.1  -1.2   3.5  630.
2004  19 11   7.0  -0.3  -6.5  -0.4   3.3  620.
2004  19 12   7.8  -0.3  -7.1  -0.8   3.0  612.
2004  19 13   7.0  -0.5  -5.4  -3.9   3.4  609.
2004  19 14   6.3   1.7  -3.6  -2.6   3.4  601.
2004  19 15   5.5   1.2  -0.5  -3.4   3.9  607.
2004  19 16   5.6   0.4  -1.9  -3.5   4.1  611.
2004  19 17   5.0   1.8   1.3  -3.8   3.9  602.
2004  19 18   4.9   1.5  -0.9  -0.7   3.5  604.
2004  19 19   4.7   3.2  -1.6   0.5   3.2  591.
2004  19 20   4.5   1.3  -2.2   0.1   3.5  593.
2004  19 21   5.0   2.4  -1.7   1.3   3.6  584.
2004  19 22   5.0   2.6  -1.6  -1.0   3.6  577.
2004  19 23   5.2   3.2  -2.0  -0.1   3.4  569.
2004  20  0   5.3   4.1  -1.8  -0.8   3.2  556.
2004  20  1   5.4   3.6  -1.8  -2.6   3.2  558.
2004  20  2   5.3   3.9  -0.4  -2.5   3.3  549.
2004  20  3   5.6   2.7   1.4  -3.6   3.4  560.
2004  20  4   5.6   2.2   0.1  -3.1   3.6  565.
2004  20  5   5.3   2.7  -0.5  -0.2   4.1  570.
2004  20  6   5.3   3.9   1.3   1.4   3.9  563.
2004  20  7   5.8   4.4   0.4   2.2   4.0  558.
2004  20  8   6.1   4.0  -2.6   2.5   3.9  556.
2004  20  9   6.6   2.5  -2.9   4.0   3.9  566.
2004  20 10   6.0   5.6   0.5   0.3   3.6  542.
2004  20 11   6.2   5.2   0.7   0.1   3.6  546.
2004  20 12   6.1   3.4   1.0  -3.7   3.8  554.
2004  20 13   6.1   3.4   1.4  -4.4   3.7  555.
2004  20 14   6.2   3.9   2.7  -3.5   3.6  544.
2004  20 15   5.8   4.6   1.4  -2.4   3.5  535.
2004  20 16   5.7   5.2   0.4   0.9   3.3  531.
2004  20 17   5.9   5.6   0.1   0.5   3.3  522.
2004  20 18   5.7   5.2  -0.9  -1.5   3.1  521.
2004  20 19   5.9   4.3  -3.5  -1.2   3.0  520.
2004  20 20   5.8   3.5  -2.9  -0.8   3.0  516.
2004  20 21   5.8   4.1  -2.9   0.3   2.8  508.
2004  20 22   5.7   2.0  -2.8  -1.4   3.2  522.
2004  20 23   5.7   2.9  -2.5  -2.1   3.3  516.
2004  21  0   5.9   1.5  -4.7  -1.7   3.6  522.
2004  21  1   6.2   2.7  -4.2   1.3   3.6  509.
2004  21  2   6.1   3.2  -4.4   0.9   3.6  505.
2004  21  3   6.0   2.2  -4.7  -0.7   3.7  511.
2004  21  4   5.9   3.2  -2.9   0.2   3.6  501.
2004  21  5   6.0   3.2  -3.2  -2.1   3.6  501.
2004  21  6   5.8   4.5   0.6  -1.1   3.6  489.
2004  21  7   5.9   3.9  -0.7  -2.9   3.7  493.
2004  21  8   5.7   3.1  -2.4   0.7   4.1  495.
2004  21  9   5.5   3.1   0.4  -2.9   3.7  494.
2004  21 10   5.7   2.8   2.4  -2.8   3.8  495.
2004  21 11   5.7   2.8  -1.7  -2.8   3.9  492.
2004  21 12   5.9   2.1  -3.4  -2.0   4.0  493.
2004  21 13   5.6   3.1  -1.3  -0.7   4.7  487.
2004  21 14   5.4   3.0  -2.3  -2.4   4.4  480.
2004  21 15   5.7   2.5  -2.0  -1.4   4.7  483.
2004  21 16   5.2   2.9  -2.0   1.0   4.6  477.
2004  21 17   5.3   1.8  -3.5  -0.4   4.7  481.
2004  21 18   5.4   0.2  -3.6  -1.4   4.5  490.
2004  21 19   5.6   0.6  -3.0  -2.4   4.4  481.
2004  21 20   5.4   1.2  -3.4  -2.8   4.4  475.
2004  21 21   5.3   1.1  -4.1  -1.3   4.7  474.
2004  21 22   5.3   2.8  -2.5  -3.0   4.3  460.
2004  21 23   5.4   2.5  -1.3  -1.8   4.3  461.
2004  22  0   5.7   3.0  -2.4  -2.0   4.4  456.
2004  22  1  11.5   1.6  -8.4  -3.5   8.5  526.
2004  22  2  19.2   2.3 -16.8   1.1  18.0  666.
2004  22  3  16.7  -0.4 -15.3   1.5  18.3  666.
2004  22  4  14.9   5.9 -11.2  -5.3  17.8  643.
2004  22  5  15.1   2.9 -14.2  -1.1  17.1  633.
2004  22  6  16.2   2.3 -14.7  -3.7  17.5  638.
2004  22  7  16.6   2.0 -15.3   0.2  19.2  637.
2004  22  8  24.3   2.5 -21.8   2.9  12.6  640.
2004  22  9  25.4   1.8 -23.3   6.8  10.0  642.
2004  22 10  22.0   2.0  -9.7  -4.7  11.1  644.
2004  22 11  22.0  15.5   2.2 -14.9  10.8  637.
2004  22 12  20.1  17.9  -1.2  -8.0  10.7  636.
2004  22 13  18.3  15.7  -6.5  -5.5   7.2  614.
2004  22 14  16.7  13.1  -8.4  -5.1   5.2  605.
2004  22 15  15.0  12.9  -5.4  -4.9   4.6  591.
2004  22 16  14.0  13.2  -1.3  -4.0   3.5  582.
2004  22 17  13.8  13.1   0.4  -3.6   4.1  569.
2004  22 18  14.5  13.4   0.8  -5.2   2.8  583.
2004  22 19  13.7  11.4  -1.0  -7.4   9.0  581.
2004  22 20  13.0  10.6  -0.4  -7.4  10.1  565.
2004  22 21  13.0  11.4   0.7  -6.1   6.0  549.
2004  22 22  12.4  11.9   0.5  -3.5   5.0  540.
2004  22 23  11.9  10.4   0.0  -5.7   3.8  537.
2004  23  0  11.8  10.4  -0.8  -5.4   2.1  546.
2004  23  1  11.4   9.9  -0.1  -5.6   2.2  545.
2004  23  2  11.1   9.0   3.8  -4.8   2.3  554.
2004  23  3  10.9   8.4   4.9  -4.8   1.9  562.
2004  23  4  10.6   8.4   4.9  -4.0   2.1  574.
2004  23  5  10.1   7.8   6.1  -1.9   1.6  560.
2004  23  6   8.5   6.7   4.1  -2.4   2.5  537.
2004  23  7   6.5   1.4  -2.6  -4.6   4.4  544.
2004  23  8   8.4   5.8   3.7  -4.4   2.3  517.
2004  23  9   8.6   5.6   3.5  -4.9   2.4  509.
2004  23 10   8.0   3.4   2.3  -6.2   2.4  499.
2004  23 11   7.6   1.1   1.7  -6.6   2.8  504.
2004  23 12   7.2   3.3   5.5  -2.2   3.0  485.
2004  23 13   6.6   2.2   5.7  -1.7   3.2  485.
2004  23 14   6.5   3.9   1.1  -3.2   2.4  485.
2004  23 15  12.0   7.0   0.1  -9.0   4.3  532.
2004  23 16  12.2   8.1   0.7  -6.4   5.2  518.
2004  23 17  12.7   5.7  -6.7  -8.7   4.7  556.
2004  23 18  11.3   7.1  -4.9  -4.4   4.4  536.
2004  23 19  10.4   7.1  -4.5  -4.5   4.4  541.
2004  23 20  10.2   8.2  -3.8  -3.4   4.3  540.
2004  23 21   9.4   8.7  -1.7  -1.9   4.5  537.
2004  23 22   9.2   8.4   0.8  -2.7   4.5  539.
2004  23 23   7.9   6.9  -0.3  -2.4   8.4  544.
2004  24  0   6.7   6.2  -0.3  -2.2  11.5  542.
2004  24  1   5.2   5.0  -0.2  -0.4  13.0  536.
2004  24  2   5.7   5.5  -0.7   0.1  11.6  522.
2004  24  3   5.7   5.3  -1.8   0.9  11.9  514.
2004  24  4   4.2   3.0  -2.3   0.3  16.2  513.
2004  24  5   4.9   3.9  -2.5  -0.5  19.0  509.
2004  24  6   9.4   6.3  -4.5   0.4  10.1  509.
2004  24  7  10.6   6.0  -3.5   7.6   6.5  519.
2004  24  8  11.0   7.7  -6.7   1.0   5.7  526.
2004  24  9  10.8   7.0  -7.5  -3.1   5.0  516.
2004  24 10  10.0   5.7  -6.9  -4.3   5.6  495.
2004  24 11  10.4   7.7  -6.6  -1.1   3.9  494.
2004  24 12   9.4   7.1  -5.7   1.2   6.2  491.
2004  24 13   9.5   6.2  -5.4   3.4   5.5  486.
2004  24 14   9.0   6.6  -5.8   0.8   6.2  480.
2004  24 15   8.4   5.5  -5.7   2.8   9.4  486.
2004  24 16   8.1   5.0  -5.8   2.0  10.1  484.
2004  24 17   9.3   6.2  -5.1  -4.5   7.2  480.
2004  24 18  10.0   7.1  -5.9  -3.6   5.6  480.
2004  24 19  10.0   7.3  -5.6  -3.6   7.2  475.
2004  24 20  10.3   8.0  -4.8  -3.8   8.7  470.
2004  24 21  11.0   9.7  -2.6  -4.4   8.4  463.
2004  24 22  11.5  10.2   1.1  -5.0   6.9  457.
2004  24 23  11.4   8.6   4.6  -5.3   4.5  462.
2004  25  0  11.9   6.0   1.9  -9.9   4.4  470.
2004  25  1  11.9   4.7   5.7  -9.2   3.6  472.
2004  25  2  11.6   4.8   5.1  -9.1   4.7  470.
2004  25  3  12.2   6.1  -0.8  -9.5   4.5  466.
2004  25  4  11.9   9.3  -5.7  -4.2   4.2  466.
2004  25  5  11.7   8.3  -4.7  -6.0   3.7  464.
2004  25  6  11.5   7.0  -4.7  -7.6   3.1  468.
2004  25  7   9.4   4.7  -3.9  -6.0   6.0  486.
2004  25  8   9.1   5.1  -3.4  -5.0   6.0  481.
2004  25  9   9.3   5.5  -5.0  -3.4   5.8  474.
2004  25 10   9.2   4.8  -2.1  -5.7   5.6  478.
2004  25 11   9.1   6.9  -2.8  -4.5   5.4  462.
2004  25 12   9.2   4.4  -6.1  -3.7   5.9  477.
2004  25 13   9.5   4.7  -6.6  -3.9   5.2  473.
2004  25 14   9.4   4.1  -5.4  -5.8   5.0  477.
2004  25 15   9.2   6.6  -4.3  -2.8   4.7  455.
2004  25 16   9.3   5.6  -2.7  -6.1   4.8  463.
2004  25 17   9.4   4.5  -3.8  -4.9   5.2  473.
2004  25 18   9.5   3.1  -6.6  -5.0   5.5  482.
2004  25 19   9.1   1.0  -5.7  -5.5   5.7  491.
2004  25 20   9.0   4.8  -4.2  -5.4   5.5  464.
2004  25 21   9.0   5.3  -4.7  -3.9   5.7  460.
2004  25 22   8.6   2.6  -2.6  -4.3   5.8  476.
2004  25 23   8.3   2.8  -3.1  -5.0   6.0  468.
2004  26  0   7.7   6.3   2.0  -1.4   5.6  441.
2004  26  1   7.8   6.0   2.4   2.1   5.4  440.
2004  26  2   7.5   6.3  -2.2   0.5   5.6  430.
2004  26  3   7.6   6.4   0.4  -2.8   5.8  426.
2004  26  4   7.5   4.6  -0.3   3.0   5.7  434.
2004  26  5   7.8   2.3  -5.4   1.6   6.5  445.
2004  26  6   7.8   4.4  -1.8  -2.1   6.6  433.
2004  26  7   7.3   5.7  -0.5   1.1   6.0  421.
2004  26  8   7.2   4.8  -0.9   1.5   6.0  422.
2004  26  9   7.3   3.8   1.8   0.0   5.7  426.
2004  26 10   7.2   5.4  -0.5  -1.0   5.7  413.
2004  26 11   7.5   6.9  -1.4  -0.3   6.3  405.
2004  26 12   7.1   2.6  -1.3  -0.3   6.0  427.
2004  26 13   7.0   0.2  -4.6  -2.9   6.3  435.
2004  26 14   7.5   3.1  -4.0  -3.4   6.8  419.
2004  26 15   8.6   3.4  -5.8  -3.4   8.0  428.
2004  26 16   7.8   5.9  -2.5   0.5   6.8  407.
2004  26 17   7.6   1.6  -6.2  -1.3   6.5  427.
2004  26 18   7.3   2.4  -4.5  -2.6   6.5  420.
2004  26 19   9.5   4.1  -3.9  -5.6   7.6  426.
2004  26 20  11.5   3.7  -6.0  -6.1   9.3  453.
2004  26 21  10.7   4.7  -2.7  -6.7   8.7  445.
2004  26 22  11.3   4.4  -5.2  -6.8   8.5  447.
2004  26 23  11.0   0.7  -6.1  -8.4   7.4  450.
2004  27  0  10.3  -1.3  -6.6  -7.4   6.5  459.
2004  27  1   9.9   3.0  -5.6  -7.5   6.7  427.
2004  27  2   9.2   5.5  -4.1  -5.6   6.2  416.
2004  27  3   8.2   4.2  -4.5  -4.8   6.3  414.
2004  27  4   7.7   4.6  -4.8  -2.7   5.7  405.
2004  27  5   8.1   6.3  -4.8  -0.7   6.3  404.
2004  27  6   9.5   5.8  -6.6   1.3   6.9  426.
2004  27  7   7.4   3.3  -3.5  -1.3   6.8  449.
2004  27  8   5.7   2.3   1.6  -0.2   7.1  485.
2004  27  9   8.7   3.9   6.2   3.3   6.0  461.
2004  27 10   8.7   1.6   5.1   1.0   6.8  467.
2004  27 11   8.4   3.0   0.6   2.1   8.5  454.
2004  27 12   7.0  -2.7   3.7   1.7  11.5  488.
2004  27 13   6.4  -3.5  -0.5  -3.6  12.0  490.
2004  27 14   4.7  -3.4   2.9  -0.2  15.5  483.
2004  27 15   5.6  -4.4   3.0  -1.1  15.5  485.
2004  27 16   4.4  -3.3   2.3  -1.1  14.6  484.
2004  27 17   5.1  -3.9   2.7  -1.4  10.6  492.
2004  27 18   6.8  -6.4   0.9   1.0   9.2  489.
2004  27 19   7.0  -6.8  -0.2   0.9  10.6  492.
2004  27 20   3.2  -2.0   1.2   0.7  12.6  495.
2004  27 21   3.8  -2.0   2.9   0.7  13.8  487.
2004  27 22   6.2  -4.7   3.2  -1.1  12.0  491.
2004  27 23   8.4  -4.8   1.9   4.9   8.9  510.
2004  28  0   8.7   3.7  -2.1  -6.8   6.5  499.
2004  28  1   6.7   1.2   1.9   1.2   9.6  485.
2004  28  2   9.3   4.3   2.5   5.2   5.8  466.
2004  28  3   7.7  -0.2   0.9   0.0   7.7  476.
2004  28  4   9.9  -5.8   6.8  -0.5   5.9  500.
2004  28  5   9.1  -4.4   6.8  -2.9   6.1  512.
2004  28  6   9.0  -6.5   4.8   0.6   6.5  512.
2004  28  7   8.9  -5.5   4.5   3.4   6.6  546.
2004  28  8   9.4  -6.7   4.6   1.8   6.6  542.
2004  28  9  10.3  -6.5   6.6   3.2   6.6  537.
2004  28 10  11.3  -6.2   8.3   3.2   6.0  532.
2004  28 11  11.1  -6.4   7.9  -0.6   6.2  542.
2004  28 12  10.3  -4.8   7.5   3.9   5.6  561.
2004  28 13   8.6  -3.8   4.3   1.7   5.2  582.
2004  28 14   7.3  -4.3   4.5   1.8   5.2  576.
2004  28 15   6.3  -5.2   1.2  -0.2   5.2  572.
2004  28 16   5.8  -2.6  -0.9  -3.0   5.1  589.
2004  28 17   6.0  -3.5  -1.5  -2.8   4.4  580.
2004  28 18   6.8  -4.7   3.5   2.1   3.8  561.
2004  28 19   6.7  -5.6   0.9  -2.5   3.4  560.
2004  28 20   6.2  -4.7   1.9   0.3   3.5  568.
2004  28 21   6.1  -5.7  -0.9   0.3   3.3  557.
2004  28 22   5.2  -4.7  -1.0   0.1   3.2  564.
2004  28 23   5.3  -3.3   2.6   0.9   3.0  558.
2004  29  0   5.2  -4.8   1.0   0.8   3.2  542.
2004  29  1   5.9  -4.1   2.1   2.5   2.8  541.
2004  29  2   5.8  -3.2   2.1   2.6   2.9  546.
2004  29  3   5.9  -4.7   2.5  -0.3   2.7  534.
2004  29  4   5.5  -3.0   4.1  -0.2   2.6  539.
2004  29  5   4.9  -3.7   2.1   2.0   2.6  519.
2004  29  6   4.2  -3.2   1.3   1.6   3.4  493.
2004  29  7   4.7  -3.8   1.5   1.8   3.9  483.
2004  29  8   4.2  -2.9   1.9   0.5   4.2  480.
2004  29  9   5.8   1.1   5.1  -1.6   3.6  484.
2004  29 10   5.6   2.5   1.4  -4.7   3.6  487.
2004  29 11   4.4   2.2   2.0  -2.5   4.1  476.
2004  29 12   4.4  -0.2   1.2  -2.4   3.8  465.
2004  29 13   4.7  -2.5   2.4   2.8   4.3  456.
2004  29 14   4.7  -2.2   3.1   2.1   4.2  455.
2004  29 15   5.1  -0.6   2.7   3.2   5.0  455.
2004  29 16   5.1  -0.8   3.9   1.8   5.7  449.
2004  29 17   5.7   0.1   5.0   1.2   6.2  450.
2004  29 18   6.4   0.2   5.9   1.3   6.3  451.
2004  29 19   6.0   1.3   5.1   0.2   6.8  452.
2004  29 20   7.3  -1.8   6.4  -1.6   7.9  441.
2004  29 21   7.9  -4.9   1.2   3.0   6.9  431.
2004  29 22   8.2  -4.1   1.4   1.3   7.4  430.
2004  29 23   8.4  -6.1   3.5  -1.4   7.5  416.
2004  30  0   9.0  -5.6   5.5  -0.3   8.4  423.
2004  30  1  12.0  -8.8   5.8   3.4  10.7  432.
2004  30  2  12.4  -9.2   5.3   3.9   9.2  434.
2004  30  3  13.5 -10.0   7.2   2.4   8.9  434.
2004  30  4  14.8 -10.2   9.5   0.3   8.8  462.
2004  30  5  14.0  -8.2   8.9   5.8  10.4  473.
2004  30  6  14.0  -6.8  10.0   1.6  10.5  497.
2004  30  7  12.2  -5.2   7.6   4.0  10.6  552.
2004  30  8  13.8  -1.1   5.4   6.2   9.5  572.
2004  30  9  13.0  -4.4   9.0   2.5   7.3  584.
2004  30 10  11.0  -4.9   6.4  -2.6   5.4  633.
2004  30 11   7.6  -3.4   5.5   0.5   3.8  672.
2004  30 12   7.9  -4.0   4.8  -0.6   4.0  668.
2004  30 13   8.6  -6.4   4.8   0.7   4.2  641.
2004  30 14   8.7  -6.8   1.5  -0.6   4.0  608.
2004  30 15   8.6  -7.6   2.3   1.1   3.8  582.
2004  30 16   8.0  -7.1   2.0   0.9   3.6  576.
2004  30 17   7.5  -3.8  -0.8   2.5   3.2  587.
2004  30 18   8.1  -4.8   2.2   3.4   3.0  579.
2004  30 19   8.1  -1.0   6.7   1.0   2.8  606.
2004  30 20   7.6  -3.7   5.0   1.0   2.8  585.
2004  30 21   7.8  -4.5   5.4  -0.1   3.0  574.
2004  30 22   8.7  -6.1   4.8   1.8   2.8  577.
2004  30 23   8.3  -6.4   4.5   1.6   2.9  505.
2004  31  0   8.6  -6.6   4.7   2.0   4.8  461.
2004  31  1   8.6  -6.1   5.4   2.1   4.8  453.
2004  31  2   8.3  -6.3   4.8  -0.3   5.2  440.
2004  31  3   8.3  -6.6   4.6   0.9   5.6  434.
2004  31  4   7.7  -5.0   4.8   0.9   5.2  455.
2004  31  5   7.8  -5.7   4.7   0.5   5.0  458.
2004  31  6   8.4  -5.6   6.0  -0.3   5.3  474.
2004  31  7   9.2  -4.4   7.0   0.6   5.5  495.
2004  31  8   8.9  -6.0   5.4  -1.6   4.6  528.
2004  31  9   7.4  -4.6   2.9  -1.6   4.4  588.
2004  31 10   8.5  -5.6   5.0  -2.3   4.3  591.
2004  31 11   9.5  -2.9   1.8   2.2   4.1  612.
2004  31 12   9.4  -5.5   2.7   5.6   3.6  596.
2004  31 13   8.8  -7.0   3.3   3.0   3.6  591.
2004  31 14   8.8  -1.8   6.4   3.7   3.4  627.
2004  31 15   8.2  -5.7   3.1   3.6   3.2  592.
2004  31 16   8.2  -4.0   3.5   5.2   3.5  601.
2004  31 17   8.6  -2.8   6.0   3.9   3.5  608.
2004  31 18   8.0  -4.4   5.0   2.6   3.2  596.
2004  31 19   8.0  -5.1   4.7   0.9   3.5  590.
2004  31 20   7.8  -3.0   4.3   4.6   3.1  604.
2004  31 21   7.8  -3.4   4.7   4.1   3.4  600.
2004  31 22   7.6  -1.2   4.5   4.8   3.3  615.
2004  31 23   8.0  -0.3   2.9   6.6   2.9  616.